{"default_fov": 75.0, "default_transition_sec": 2.0, "keyframes": [{"matrix": [-0.9399519493367515, -0.03153631417974356, 0.3398467210758378, 0.003398467210758381, 0.34130680177523826, -0.0868503640535907, 0.935930916962207, 0.009359309169622066, -1.3877787807814457e-16, 0.9957220873073549, 0.09239872752524592, 0.0009239872752524605, 0.0, 0.0, 0.0, 1.0], "fov": 75.0, "aspect": 1.7777777777777777, "override_transition_enabled": false, "override_transition_sec": null}, {"matrix": [-0.9999881169861426, -0.0005639774410070978, 0.0048422944929098245, 0.0007340068585986525, 0.004875026821467728, -0.11568566900429489, 0.9932739099062853, 0.15056289191122196, 2.2985086056692694e-17, 0.9932857131341795, 0.11568704371503791, 0.017536125417851253, 0.0, 0.0, 0.0, 1.0], "fov": 75.0, "aspect": 1.7777777777777777, "override_transition_enabled": false, "override_transition_sec": null}, {"matrix": [-0.9642212243449296, 0.05718341870540811, -0.25885804439485305, -0.03923833634394945, -0.26509890705690536, -0.20798828108529954, 0.9415218767550849, 0.14271819197919078, 8.326672684688674e-17, 0.9764583614042869, 0.2157059768380455, 0.03269724025906951, 0.0, 0.0, 0.0, 1.0], "fov": 75.0, "aspect": 1.7777777777777777, "override_transition_enabled": false, "override_transition_sec": null}, {"matrix": [-0.9406152612272546, 0.004915085413383813, -0.33943890802582233, -0.03782266908554253, -0.33947449145168995, -0.013618709112116378, 0.9405166667400084, 0.10479897800295382, 5.551115123125783e-17, 0.9998951808552228, 0.014478511750221523, 0.0016132975502563564, 0.0, 0.0, 0.0, 1.0], "fov": 75.0, "aspect": 1.7777777777777777, "override_transition_enabled": false, "override_transition_sec": null}, {"matrix": [-0.9577502772068103, 0.04969561280519243, -0.28327504757425204, -0.05841382014332892, -0.28760112397255744, -0.16549304913243978, 0.943343863168977, 0.19452584768173703, 2.7755575615628914e-17, 0.9849580685271655, 0.17279352778167278, 0.03563155364442831, 0.0, 0.0, 0.0, 1.0], "fov": 75.0, "aspect": 1.7777777777777777, "override_transition_enabled": false, "override_transition_sec": null}, {"matrix": [-0.8095888409501912, 0.11942876434810201, -0.5747196524003777, -0.11851227524022574, -0.5869973667819349, -0.16471657349122681, 0.7926553739226043, 0.1634525484775262, 1.6653345369377348e-16, 0.9790838680437925, 0.20345707000840574, 0.04195464724357176, 0.0, 0.0, 0.0, 1.0], "fov": 75.0, "aspect": 1.7777777777777777, "override_transition_enabled": false, "override_transition_sec": null}, {"matrix": [-0.9352019097573674, -0.04890385849590548, -0.35072182796396645, -0.023398574523046785, -0.3541149361240975, 0.1291529308547642, 0.9262408609349142, 0.06179460211157224, 2.7755575615628914e-17, 0.9904180597484262, -0.13810165431363652, -0.009213517929501853, 0.0, 0.0, 0.0, 1.0], "fov": 75.0, "aspect": 1.7777777777777777, "override_transition_enabled": false, "override_transition_sec": null}, {"matrix": [-0.8351100393452384, 0.05678709518575767, 0.5471439006378105, 0.028245300074349455, 0.5500829230077904, 0.08621149886925028, 0.8306481537196858, 0.04288068701975317, -1.6653345369377348e-16, 0.9946571285036271, -0.10323369952161487, -0.005329250344149308, 0.0, 0.0, 0.0, 1.0], "fov": 75.0, "aspect": 1.7777777777777777, "override_transition_enabled": false, "override_transition_sec": null}], "camera_type": "perspective", "render_height": 1080.0, "render_width": 1920.0, "fps": 30.0, "seconds": 16.0, "is_cycle": true, "smoothness_value": 0.45, "camera_path": [{"camera_to_world": [-0.9399519493367515, -0.03153631417974356, 0.3398467210758378, 0.003398467210758381, 0.34130680177523826, -0.0868503640535907, 0.935930916962207, 0.009359309169622066, -1.3877787807814457e-16, 0.9957220873073549, 0.09239872752524592, 0.0009239872752524605, 0.0, 0.0, 0.0, 1.0], "fov": 75.0, "aspect": 1.7777777777777777}, {"camera_to_world": [-0.9409015684245072, -0.03170257323444406, 0.33719309807084974, 0.0032775488541930244, 0.33868013131641317, -0.0878250231272163, 0.9367937520949856, 0.009942883116575308, -8.478089495092545e-05, 0.9956313133700743, 0.09337173367342577, 0.0010366256648000958, 0.0, 0.0, 0.0, 1.0], "fov": 75.0, "aspect": 1.7777777777777777}, {"camera_to_world": [-0.9419419109025272, -0.031819108009151637, 0.3342648363959293, 0.0031667220870134167, 0.3357758314200546, -0.08876934526101443, 0.9377497504004476, 0.010702515840997212, -0.00016588992290009208, 0.9955438451958972, 0.09429965415154351, 0.0011646045435250321, 0.0, 0.0, 0.0, 1.0], "fov": 75.0, "aspect": 1.7777777777777777}, {"camera_to_world": [-0.9430671124427372, -0.03188703281523245, 0.33107044351188725, 0.003065599081277684, 0.3326024084265691, -0.08968403041413742, 0.9387930616475186, 0.011632203985488736, -0.0002435934383249183, 0.9954596887001081, 0.09518376350681057, 0.0013074183932778218, 0.0, 0.0, 0.0, 1.0], "fov": 75.0, "aspect": 1.7777777777777777}, {"camera_to_world": [-0.9442711987509878, -0.0319075009272905, 0.32761839782580426, 0.002973792009043948, 0.32916834904773756, -0.09056974449597022, 0.9399177194665079, 0.012725944192650846, -0.00031811092219208303, 0.9953788388179193, 0.09602534060825618, 0.0014645616959090182, 0.0, 0.0, 0.0, 1.0], "fov": 75.0, "aspect": 1.7777777777777777}, {"camera_to_world": [-0.9455481108148509, -0.031881702201476875, 0.3239171610137413, 0.0028909130423703327, 0.3254821321233562, -0.09142712346788573, 0.941117666799865, 0.013977733105084494, -0.00038961891609157195, 0.99530128009519, 0.0968256682805545, 0.001635528933269174, 0.0, 0.0, 0.0, 1.0], "fov": 75.0, "aspect": 1.7777777777777777}, {"camera_to_world": [-0.9468917293277439, -0.03181086078883438, 0.3199751897672514, 0.0028165743533149616, 0.3215522398199407, -0.0922567773770181, 0.942386780517844, 0.015381567365390647, -0.00045825483576455994, 0.9952269872566163, 0.09758603300997903, 0.0018198145872088422, 0.0, 0.0, 0.0, 1.0], "fov": 75.0, "aspect": 1.7777777777777777}, {"camera_to_world": [-0.9482958983065262, -0.03169623293312171, 0.315800946915724, 0.0027503881139359573, 0.3173871682228968, -0.09305929431287707, 0.9437188952169179, 0.016931443616170265, -0.0005241206628680828, 0.9951559257522605, 0.0983077247101779, 0.002016913139578575, 0.0, 0.0, 0.0, 1.0], "fov": 75.0, "aspect": 1.7777777777777777}, {"camera_to_world": [-0.9497544479160862, -0.03153910484356784, 0.3114029118831055, 0.0026919664962914446, 0.3129954372801004, -0.09383524427823364, 0.9451078262151273, 0.01862135850002431, -0.0005872865139709416, 0.9950880522832695, 0.09899203653648014, 0.002226319072228926, 0.0, 0.0, 0.0, 1.0], "fov": 75.0, "aspect": 1.7777777777777777}, {"camera_to_world": [-0.9512612165108698, -0.03134079063401776, 0.30678959044383297, 0.002640921672439546, 0.3083856000611611, -0.09458518296627916, 0.9465473917549787, 0.02044530865955374, -0.0006477940858886089, 0.9950233153075712, 0.09964026473846865, 0.002447526867010447, 0.0, 0.0, 0.0, 1.0], "fov": 75.0, "aspect": 1.7777777777777777}, {"camera_to_world": [-0.9528100718999607, -0.03110263032092414, 0.30196952374885877, 0.002596865814438385, 0.3035662513027266, -0.09530965543663006, 0.9480314344211171, 0.022397290737359514, -0.0007056599765485339, 0.9949616555263179, 0.10025370854151294, 0.0026800310057736925, 0.0, 0.0, 0.0, 1.0], "fov": 75.0, "aspect": 1.7777777777777777}, {"camera_to_world": [-0.9543949318390674, -0.030825987873614707, 0.29695129659847674, 0.002559411094346085, 0.2985460352160614, -0.09600919968321431, 0.949553841776736, 0.024471301376042597, -0.0007608788806412747, 0.994903006351777, 0.10083367004887134, 0.002923325970369214, 0.0, 0.0, 0.0, 1.0], "fov": 75.0, "aspect": 1.7777777777777777}, {"camera_to_world": [-0.9560097837497908, -0.03051224931123553, 0.2917435449442663, 0.0025281696842207697, 0.2933336525387907, -0.09668435008763276, 0.9511085662196426, 0.02666133721820395, -0.0008134266593470274, 0.9948472943573305, 0.1013814541569058, 0.0031769062426475645, 0.0, 0.0, 0.0, 1.0], "fov": 75.0, "aspect": 1.7777777777777777}, {"camera_to_world": [-0.9576487036636698, -0.03016282084170005, 0.28635496260788673, 0.002502753756120563, 0.28793786681816635, -0.09733564075198209, 0.9526896440560298, 0.028961394906444532, -0.0008632632834565113, 0.9947944397101708, 0.10189836847678602, 0.0034402663044592976, 0.0, 0.0, 0.0, 1.0], "fov": 75.0, "aspect": 1.7777777777777777}, {"camera_to_world": [-0.9593058743859827, -0.02977912703889768, 0.28079430720964693, 0.002482775482103587, 0.28236750991845744, -0.09796360870564869, 0.9542912137873931, 0.03136547108336531, -0.000910335649219024, 0.9947443565872427, 0.10238572325689788, 0.0037129006376549643, 0.0, 0.0, 0.0, 1.0], "fov": 75.0, "aspect": 1.7777777777777777}, {"camera_to_world": [-0.9609756028718541, -0.02936260905529664, 0.275070405304792, 0.002467847034227966, 0.27663148675013843, -0.09856879698096888, 0.9559075336036079, 0.03386756239156722, -0.0009545802662546954, 0.9946969535749018, 0.10284483130096966, 0.00399430372408512, 0.0, 0.0, 0.0, 1.0], "fov": 75.0, "aspect": 1.7777777777777777}, {"camera_to_world": [-0.9626523368051394, -0.02891472286793642, 0.2691921567302343, 0.002457580584551823, 0.2707387792233906, -0.09915175755310413, 0.9575329980730475, 0.03646166547365125, -0.0009959258168730778, 0.9946521340527054, 0.10327700787768002, 0.004283970045600318, 0.0, 0.0, 0.0, 1.0], "fov": 75.0, "aspect": 1.7777777777777777}, {"camera_to_world": [-0.9643306803686932, -0.028436937556630612, 0.26316853816908603, 0.002451588305133282, 0.26469844943311227, -0.09971305413989917, 0.9591621540187037, 0.03914177697221835, -0.0010342955861410152, 0.9946097965616937, 0.10368357061823563, 0.004581394084051106, 0.0, 0.0, 0.0, 1.0], "fov": 75.0, "aspect": 1.7777777777777777}, {"camera_to_world": [-0.9660054091929974, -0.027930733613986333, 0.25700860594473124, 0.0024494823680304666, 0.2585196420870695, -0.10025326485788555, 0.9607897155676199, 0.041901893529869484, -0.0010696097620437883, 0.994569835157451, 0.10406583939909286, 0.0048860703212880415, 0.0, 0.0, 0.0, 1.0], "fov": 75.0, "aspect": 1.7777777777777777}, {"camera_to_world": [-0.9676714844687938, -0.027397601287605045, 0.25072149806039024, 0.0024508749453015, 0.2522115861930893, -0.10077298473101948, 0.962410578359552, 0.04473601178920562, -0.001101787605090332, 0.9945321397481768, 0.10442513620764948, 0.005197493239161677, 0.0, 0.0, 0.0, 1.0], "fov": 75.0, "aspect": 1.7777777777777777}, {"camera_to_world": [-0.9693240662082557, -0.026839038955538685, 0.24431643550411475, 0.002455378209004504, 0.24578359602522593, -0.10127282804912319, 0.9640198328996356, 0.047638128392827696, -0.0011307494867223294, 0.9944965964179443, 0.10476278498933889, 0.005515157319522563, 0.0, 0.0, 0.0, 1.0], "fov": 75.0, "aspect": 1.7777777777777777}, {"camera_to_world": [-0.9709585256383958, -0.02625655153675316, 0.23780272284292792, 0.0024626043311976047, 0.23924507139266432, -0.10175343057341835, 0.965612777038943, 0.0506022399833367, -0.0011564187959026417, 0.9944630877352555, 0.10508011147515095, 0.0058385570442212546, 0.0, 0.0, 0.0, 1.0], "fov": 75.0, "aspect": 1.7777777777777777}, {"camera_to_world": [-0.9725704567098131, -0.025651648938978658, 0.23118974813338386, 0.0024721654839389233, 0.23260549723872354, -0.10221545158690726, 0.9671849275661873, 0.05362234320333357, -0.0011787237132822037, 0.994431493046955, 0.10537844298912225, 0.006167186895108303, 0.0, 0.0, 0.0, 1.0], "fov": 75.0, "aspect": 1.7777777777777777}, {"camera_to_world": [-0.9741556867035227, -0.0250258445469191, 0.22448698217914853, 0.0024836738392865847, 0.22587444260069955, -0.10265957578776053, 0.9687320308934252, 0.05669243469541928, -0.0011975988523741377, 0.9944016887575112, 0.10565910823586533, 0.006500541354034264, 0.0, 0.0, 0.0, 1.0], "fov": 75.0, "aspect": 1.7777777777777777}, {"camera_to_world": [-0.9757102859185097, -0.024380653754335055, 0.21770397716930198, 0.0024967415692987117, 0.21906155896442286, -0.10308651502425892, 0.9702500728184618, 0.05980651110219477, -0.001212986767201163, 0.9943735485936183, 0.10592343706865837, 0.0068381149028496875, 0.0, 0.0, 0.0, 1.0], "fov": 75.0, "aspect": 1.7777777777777777}, {"camera_to_world": [-0.977230576422725, -0.023717592544011998, 0.21085036473391533, 0.0025109808460334277, 0.21217657805029883, -0.10349700987017618, 0.9717352873467127, 0.06295856906626103, -0.0012248393259314955, 0.9943469438540298, 0.10617276023904021, 0.0071794020234051265, 0.0, 0.0, 0.0, 1.0], "fov": 75.0, "aspect": 1.7777777777777777}, {"camera_to_world": [-0.9787131398505937, -0.023038176120084145, 0.2039358534560637, 0.0025260038415488573, 0.20522930907023995, -0.10389183103991917, 0.9731841645555713, 0.066142605230219, -0.0012331189500691814, 0.9943217436444972, 0.10640840912926952, 0.007523897197551135, 0.0, 0.0, 0.0, 1.0], "fov": 75.0, "aspect": 1.7777777777777777}, {"camera_to_world": [-0.9801548242305765, -0.022343917597582905, 0.1969702258817821, 0.002541422727903121, 0.1982296354972785, -0.10427178064302867, 0.9745934574847855, 0.06935261623666969, -0.0012377997188304651, 0.9942978150976319, 0.10663171546932693, 0.007871094907138266, 0.0, 0.0, 0.0, 1.0], "fov": 75.0, "aspect": 1.7777777777777777}, {"camera_to_world": [-0.9815527498270608, -0.021636326754445295, 0.18996333507156005, 0.002556849677154345, 0.19118751139176174, -0.10463769327806383, 0.9759601880370277, 0.07258259872821397, -0.0012388683384030041, 0.9942750235774911, 0.1068440110404858, 0.008220489634017069, 0.0, 0.0, 0.0, 1.0], "fov": 75.0, "aspect": 1.7777777777777777}, {"camera_to_world": [-0.9829043139816841, -0.020916908851526667, 0.1829251007387785, 0.0025718968613606514, 0.1841129573298669, -0.10499043696618082, 0.9772816518736557, 0.07582654934745287, -0.0012363249758636785, 0.9942532328686428, 0.10704662736773485, 0.008571575860038103, 0.0, 0.0, 0.0, 1.0], "fov": 75.0, "aspect": 1.7777777777777777}, {"camera_to_world": [-0.9842071949402236, -0.020187163526424134, 0.17586550502203152, 0.0025861764525801647, 0.1770160559817307, -0.10533091392504546, 0.978555422291649, 0.07907846473698732, -0.0012301839576102924, 0.9942323053494451, 0.10724089540356496, 0.008923848067051914, 0.0, 0.0, 0.0, 1.0], "fov": 75.0, "aspect": 1.7777777777777777}, {"camera_to_world": [-0.9854593546523273, -0.01944858376714237, 0.1687945879395173, 0.0025993006228710075, 0.16990694738774903, -0.10566006118406546, 0.9797793530688206, 0.0823323415394183, -0.0012204743322470069, 0.9942121021492507, 0.10742814520586441, 0.00927680073690906, 0.0, 0.0, 0.0, 1.0], "fov": 75.0, "aspect": 1.7777777777777777}, {"camera_to_world": [-0.9866590405325935, -0.01870265497179524, 0.16172244257464335, 0.002610881544291303, 0.1627958239825759, -0.10597885104214899, 0.9809515802656218, 0.08558217639734675, -0.0012072402979546593, 0.9941924832892232, 0.10760970561278815, 0.009629928351460093, 0.0, 0.0, 0.0, 1.0], "fov": 75.0, "aspect": 1.7777777777777777}, {"camera_to_world": [-0.987804786172875, -0.01795085410066785, 0.15465921004265276, 0.0026205313888991765, 0.1556929254170234, -0.1062882913695169, 0.9820705229731916, 0.08882196595337367, -0.0011905414944655551, 0.9941733078064434, 0.10778690391761281, 0.009982725392555564, 0.0, 0.0, 0.0, 1.0], "fov": 75.0, "aspect": 1.7777777777777777}, {"camera_to_world": [-0.9888954109970864, -0.01719464892703973, 0.14761507428843365, 0.0026278623287527476, 0.14860853322842707, -0.10658942575531039, 0.9831348829986906, 0.09204570685009997, -0.0011704531598571433, 0.9941544338609718, 0.10796106554666607, 0.010334686342046023, 0.0, 0.0, 0.0, 1.0], "fov": 75.0, "aspect": 1.7777777777777777}, {"camera_to_world": [-0.9899300188512582, -0.016435497393201062, 0.1406002567657162, 0.002632486535910144, 0.14155296541008633, -0.10688333350294943, 0.9841436434804159, 0.09524739573012664, -0.001147066152467388, 0.994135718825521, 0.10813351374345759, 0.010685305681782031, 0.0, 0.0, 0.0, 1.0], "fov": 75.0, "aspect": 1.7777777777777777}, {"camera_to_world": [-0.9909079955230957, -0.015674847078087577, 0.13362501104762847, 0.0026340161824294855, 0.13453657093015786, -0.10717112947539353, 0.9850960664266825, 0.09842102923605464, -0.001120486838327564, 0.9941170193574028, 0.10830556926214896, 0.011034077893614136, 0.0, 0.0, 0.0, 1.0], "fov": 75.0, "aspect": 1.7777777777777777}, {"camera_to_world": [-0.991829005186788, -0.014914134782901059, 0.1266996174179889, 0.002632063440368899, 0.1275697242497834, -0.10745396379259564, 0.9859916891739474, 0.10156060401048495, -0.0010908368445922828, 0.9940981914524024, 0.10847855007346563, 0.011380497459392893, 0.0, 0.0, 0.0, 1.0], "fov": 75.0, "aspect": 1.7777777777777777}, {"camera_to_world": [-0.9926929857703303, -0.01415478624098837, 0.11983437749184989, 0.002626240481786505, 0.12066281988936575, -0.10773302138356589, 0.9868303197611606, 0.10466011669601845, -0.0010582526795296712, 0.9940790904802496, 0.10865377108607943, 0.011724058860968849, 0.0, 0.0, 0.0, 1.0], "fov": 75.0, "aspect": 1.7777777777777777}, {"camera_to_world": [-0.9935001432440896, -0.013398215958113587, 0.11303960891259951, 0.002616159478740429, 0.11382626709068955, -0.10800952139554465, 0.9876120312187902, 0.10771356393525619, -0.0010228852197111601, 0.9940595712013669, 0.10883254388638597, 0.012064256580192561, 0.0, 0.0, 0.0, 1.0], "fov": 75.0, "aspect": 1.7777777777777777}, {"camera_to_world": [-0.9942509448307496, -0.012645827189079084, 0.10632564017143026, 0.002601432603288792, 0.10707048462107598, -0.10828471646280946, 0.9883371547723866, 0.11071494237079908, -0.0009848990651076459, 0.9940394877645818, 0.10901617649944795, 0.012400585098914584, 0.0, 0.0, 0.0, 1.0], "fov": 75.0, "aspect": 1.7777777777777777}, {"camera_to_world": [-0.9949461111381531, -0.011899012056435801, 0.09970280559315728, 0.0025816720274897203, 0.10040589576392055, -0.10855989183766357, 0.9890062719619324, 0.11365824864524812, -0.0009444717628609087, 0.9940186936855242, 0.10920597317369396, 0.012732538898985471, 0.0, 0.0, 0.0, 1.0], "fov": 75.0, "aspect": 1.7777777777777777}, {"camera_to_world": [-0.9955866072177947, -0.011159151816768784, 0.09318144053024036, 0.0025564899234013358, 0.09384292353781894, -0.10883636438607713, 0.98962020567948, 0.11653747940120426, -0.0009017929005504383, 0.9939970418054328, 0.10940323419174214, 0.013059612462255765, 0.0, 0.0, 0.0, 1.0], "fov": 75.0, "aspect": 1.7777777777777777}, {"camera_to_world": [-0.9961736325529343, -0.010427617279750181, 0.0867718768044029, 0.0025254984630817615, 0.08739198618400762, -0.1091154814503964, 0.990180010128796, 0.11934663128126843, -0.0008570630698153323, 0.9939743842301548, 0.10960925570944768, 0.013381300270576033, 0.0, 0.0, 0.0, 1.0], "fov": 75.0, "aspect": 1.7777777777777777}, {"camera_to_world": [-0.996708609981297, -0.009705769384830303, 0.08048443843253365, 0.002488309818589122, 0.08106349295911863, -0.10939861958136077, 0.990686959711775, 0.12207970092804162, -0.00081049270122098, 0.9939505722491143, 0.10982532962500025, 0.013697096805796819, 0.0, 0.0, 0.0, 1.0], "fov": 75.0, "aspect": 1.7777777777777777}, {"camera_to_world": [-0.9971931735582986, -0.008994959940072066, 0.07432943767045572, 0.002444536161981539, 0.07486784026712517, -0.10968718314150117, 0.9911425368473595, 0.12473068498412476, -0.0007623007712793325, 0.9939254562340979, 0.11005274347954597, 0.014006496549768677, 0.0, 0.0, 0.0, 1.0], "fov": 75.0, "aspect": 1.7777777777777777}, {"camera_to_world": [-0.9976291553674976, -0.008296532527241347, 0.0683171714048344, 0.0023937896653171377, 0.06881540816101765, -0.10998260278173588, 0.9915484187295079, 0.12729358009211886, -0.0007127133825344176, 0.9938988855177268, 0.11029278039044543, 0.014308993984342164, 0.0, 0.0, 0.0, 1.0], "fov": 75.0, "aspect": 1.7777777777777777}, {"camera_to_world": [-0.9980185712856022, -0.007611823576839493, 0.06245791791982874, 0.002335682500654042, 0.06291655724105888, -0.11028633379269126, 0.9919064630314188, 0.12976238289462483, -0.0006619622176192719, 0.993870708251532, 0.11054671901789004, 0.014604083591367825, 0.0, 0.0, 0.0, 1.0], "fov": 75.0, "aspect": 1.7777777777777777}, {"camera_to_world": [-0.9983636057098436, -0.0069421636163036135, 0.05676193406116216, 0.0022698268400503712, 0.05718162597251034, -0.11059985433192832, 0.9922186925637392, 0.13213109003424361, -0.0006102828681692693, 0.9938407712436034, 0.11081583356515523, 0.01489125985269622, 0.0, 0.0, 0.0, 1.0], "fov": 75.0, "aspect": 1.7777777777777777}, {"camera_to_world": [-0.9986665952558346, -0.006288878694109712, 0.05123945281606125, 0.002195834855564257, 0.051620928441466575, -0.11092466352783759, 0.9924872788948365, 0.13439369815357632, -0.0005579130394445554, 0.9938089197758322, 0.11110139381229056, 0.0151700172501779, 0.0, 0.0, 0.0, 1.0], "fov": 75.0, "aspect": 1.7777777777777777}, {"camera_to_world": [-0.99893001143416, -0.005653291981989814, 0.045900681322994, 0.002113318719253812, 0.04624475256288742, -0.11126227946051259, 0.9927145249414092, 0.1365442038952237, -0.000505090631469203, 0.9937749974008286, 0.11140466518255354, 0.015439850265663416, 0.0, 0.0, 0.0, 1.0], "fov": 75.0, "aspect": 1.7777777777777777}, {"camera_to_world": [-0.9991564423139261, -0.005036725556920283, 0.04075579932035906, 0.002021890603177172, 0.04106335875010661, -0.11161423701940398, 0.9929028465377345, 0.13857660390178692, -0.00045205169743767204, 0.9937388457186527, 0.11172690884036118, 0.015700253381003323, 0.0, 0.0, 0.0, 1.0], "fov": 75.0, "aspect": 1.7777777777777777}, {"camera_to_world": [-0.9993485731812876, -0.0044405023639531825, 0.035814958038229774, 0.0019211626793924491, 0.03608697905001379, -0.11198208563695655, 0.9930547529917175, 0.14048489481586673, -0.0003990282800736093, 0.9937003041335717, 0.11206938181893689, 0.015950721078048173, 0.0, 0.0, 0.0, 1.0], "fov": 75.0, "aspect": 1.7777777777777777}, {"camera_to_world": [-0.9995091662006018, -0.0038659483603398475, 0.0310882795319, 0.0018107471199577674, 0.031325816742715853, -0.11236738689682813, 0.9931728266356167, 0.1422630732800642, -0.00034624612654830973, 0.9936592095911224, 0.1124333371752615, 0.016190747838648514, 0.0, 0.0, 0.0, 1.0], "fov": 75.0, "aspect": 1.7777777777777777}, {"camera_to_world": [-0.9996410390853507, -0.003314394840740663, 0.026585856450374368, 0.0016902560969312586, 0.02679004639884188, -0.11277171201459146, 0.993259701378872, 0.14390513593698037, -0.0002939222824828551, 0.9936153962958392, 0.11282002416926762, 0.01641982814465491, 0.0, 0.0, 0.0, 1.0], "fov": 75.0, "aspect": 1.7777777777777777}, {"camera_to_world": [-0.9997470427852844, -0.0027871809426330985, 0.022317752227139012, 0.0015593017823710407, 0.022489814381811107, -0.1131966391880852, 0.9933180402698796, 0.1454050794292161, -0.00024226256546932938, 0.9935686954100937, 0.1132306884635692, 0.0166374564779179, 0.0, 0.0, 0.0, 1.0], "fov": 75.0, "aspect": 1.7777777777777777}, {"camera_to_world": [-0.9998300381954325, -0.0022856563302878167, 0.01829400167430725, 0.0014174963483352386, 0.018435239776099642, -0.11364375081377542, 0.9933505120728403, 0.14675690039937234, -0.000191458918452167, 0.9935189347345708, 0.113666572339304, 0.016843127320288052, 0.0, 0.0, 0.0, 1.0], "fov": 75.0, "aspect": 1.7777777777777777}, {"camera_to_world": [-0.9998928718917217, -0.0018111840549342095, 0.01452461195500189, 0.001264451966881977, 0.01463641571626623, -0.11411463056466509, 0.9933597668649915, 0.14795459549005013, -0.00014168664321887424, 0.9934659383710188, 0.11412891492293287, 0.01703633515361591, 0.0, 0.0, 0.0, 1.0], "fov": 75.0, "aspect": 1.7777777777777777}, {"camera_to_world": [-0.9999383508968914, -0.0013651435879010526, 0.011019563901984726, 0.0010997808100693743, 0.011103411084598013, -0.1146108603243865, 0.993348410658612, 0.1489921613438503, -9.31015141562826e-05, 0.9934095263679973, 0.11461895241808684, 0.01721657445975203, 0.0, 0.0, 0.0, 1.0], "fov": 75.0, "aspect": 1.7777777777777777}, {"camera_to_world": [-0.999969216479308, -0.0009489340226915008, 0.007788813643883573, 0.0009230950499555607, 0.007846272538528674, -0.11513401697115055, 0.9933189790512098, 0.14986359460337395, -4.5836772346857964e-05, 0.9933495143504663, 0.11513791833572007, 0.017383339720546957, 0.0, 0.0, 0.0, 1.0], "fov": 75.0, "aspect": 1.7777777777777777}, {"camera_to_world": [-0.9999881169861426, -0.0005639774410070978, 0.0048422944929098245, 0.0007340068585986525, 0.004875026821467728, -0.11568566900429489, 0.9932739099062853, 0.15056289191122196, 2.2985086056692694e-17, 0.9932857131341795, 0.11568704371503791, 0.017536125417851253, 0.0, 0.0, 0.0, 1.0], "fov": 75.0, "aspect": 1.7777777777777777}, {"camera_to_world": [-0.9999981071319891, -0.00017120329197169246, 0.0019381490839384717, 0.000515003890331557, 0.0019449067155259568, -0.11632288445268402, 0.9932095468180293, 0.1511508886124108, 5.5410347910090914e-05, 0.9932114363226192, 0.11632299724324946, 0.017690628969119642, 0.0, 0.0, 0.0, 1.0], "fov": 75.0, "aspect": 1.7777777777777777}, {"camera_to_world": [-0.9999992830292761, 0.00026883667662480436, -0.001166905212512435, 0.00024989932329180775, -0.00119035756985894, -0.11709786060802763, 0.993119667557681, 0.15169315892015467, 0.00013034488699937544, 0.993120344554407, 0.11709809666406279, 0.017862404000892125, 0.0, 0.0, 0.0, 1.0], "fov": 75.0, "aspect": 1.7777777777777777}, {"camera_to_world": [-0.9999897462829741, 0.0007552951949045901, -0.004465070893276975, -5.970638475550731e-05, -0.004523002403436767, -0.11800483608856105, 0.9930027195879025, 0.15219080777935107, 0.00022311022374697873, 0.9930127331453915, 0.11800704230234582, 0.018050729308647165, 0.0, 0.0, 0.0, 1.0], "fov": 75.0, "aspect": 1.7777777777777777}, {"camera_to_world": [-0.999967581293589, 0.0012873531283010874, -0.007948527144783321, -0.00041221277604531066, -0.008045256408926862, -0.11903803180044004, 0.9928570999063215, 0.1526449401348976, 0.0003319806664929684, 0.9928888607024453, 0.11904452982744196, 0.018254883687863214, 0.0, 0.0, 0.0, 1.0], "fov": 75.0, "aspect": 1.7777777777777777}, {"camera_to_world": [-0.9999308705318259, 0.0018642090128892742, -0.01160943074491004, -0.0008060193928125213, -0.0117493379676159, -0.12019165436365775, 0.9926811770546723, 0.1530566609316918, 0.00045520850973980367, 0.9927489566582698, 0.12020524880024752, 0.018474145934018735, 0.0, 0.0, 0.0, 1.0], "fov": 75.0, "aspect": 1.7777777777777777}, {"camera_to_world": [-0.9998777092181371, 0.002485069035991677, -0.015439917116895628, -0.001239525777292064, -0.015627453010639215, -0.12145989946563807, 0.9924733122528774, 0.15342707511463122, 0.0005910339165517958, 0.9925932284947764, 0.12148388133915566, 0.018707794842592187, 0.0, 0.0, 0.0, 1.0], "fov": 75.0, "aspect": 1.7777777777777777}, {"camera_to_world": [-0.9998062194056889, 0.0031491374680656468, -0.019432101556724084, -0.001711131471718847, -0.01967179312298268, -0.1228369551609344, 0.9922318796542053, 0.15375728762861338, 0.0007376944016222239, 0.99242186865264, 0.12287510092354748, 0.01895510920906203, 0.0, 0.0, 0.0, 1.0], "fov": 75.0, "aspect": 1.7777777777777777}, {"camera_to_world": [-0.9997145634646082, 0.003855607551187225, -0.02357808065085351, -0.0022192360183277944, -0.023874533976672368, -0.12431700513212673, 0.991955285717242, 0.1540484034185359, 0.0008934339167736196, 0.9922350611248272, 0.12437357135037364, 0.019215367828906718, 0.0, 0.0, 0.0, 1.0], "fov": 75.0, "aspect": 1.7777777777777777}, {"camera_to_world": [-0.9996009569648461, 0.004603652848780957, -0.02786993389679823, -0.002762238959353826, -0.028227834106251702, -0.1258942319239318, 0.9916419876900904, 0.15430152742929631, 0.0010565115398921306, 0.9920329877321274, 0.12597394585641464, 0.019487849497604716, 0.0, 0.0, 0.0, 1.0], "fov": 75.0, "aspect": 1.7777777777777777}, {"camera_to_world": [-0.999463680954464, 0.005392419060588922, -0.03229972553487789, -0.0033385398370318676, -0.03272383403543776, -0.12756282015950948, 0.991290511201925, 0.1545177646057921, 0.0012252097675790503, 0.9918158340789018, 0.12767086641594383, 0.019771833010634482, 0.0, 0.0, 0.0, 1.0], "fov": 75.0, "aspect": 1.7777777777777777}, {"camera_to_world": [-0.9993010936297708, 0.006221016306230917, -0.036859506595481456, -0.003946538193596823, -0.03735465575986947, -0.1293169597451459, 0.9908994669568323, 0.15469821989292093, 0.0013978424111401704, 0.991583795187472, 0.12945896322079664, 0.020066597163474472, 0.0, 0.0, 0.0, 1.0], "fov": 75.0, "aspect": 1.7777777777777777}, {"camera_to_world": [-0.9991116413933638, 0.007088511880059118, -0.04154131716236151, -0.0045846335712836205, -0.042112402587009976, -0.13115084906674657, 0.9904675665247301, 0.15484399823558032, 0.001572762094929063, 0.9913370808097502, 0.13133285434724673, 0.02037142075160315, 0.0, 0.0, 0.0, 1.0], "fov": 75.0, "aspect": 1.7777777777777777}, {"camera_to_world": [-0.9988938692959266, 0.007993923479370259, -0.04633718884889071, -0.005251225512327179, -0.04698915933065771, -0.1330586981790911, 0.9899936372241407, 0.15495620457866774, 0.0017483673555211167, 0.9910759204149253, 0.13328714561164068, 0.020685582570498965, 0.0, 0.0, 0.0, 1.0], "fov": 75.0, "aspect": 1.7777777777777777}, {"camera_to_world": [-0.9986464308574466, 0.008936212907386339, -0.051239147480785306, -0.005944713558962424, -0.051976992854062626, -0.13503473198634697, 0.9894766360916384, 0.15503594386708086, 0.0019231093397225757, 0.9908005678522039, 0.13531643061438647, 0.02100836141564039, 0.0, 0.0, 0.0, 1.0], "fov": 75.0, "aspect": 1.7777777777777777}, {"camera_to_world": [-0.9983680972635004, 0.009914280251758684, -0.056239215975580716, -0.00666349725342426, -0.05706795295238341, -0.13707319341013868, 0.9889156629329782, 0.15508432104571715, 0.0020954980990159425, 0.9905113056878435, 0.13741529096967575, 0.021339036082505872, 0.0, 0.0, 0.0, 1.0], "fov": 75.0, "aspect": 1.7777777777777777}, {"camera_to_world": [-0.9980577659322717, 0.010926958538689868, -0.061329417406139036, -0.0074059761379476115, -0.06225407356216807, -0.13916834653939103, 0.9883099724511577, 0.1551024410594742, 0.0022641084777110104, 0.9902084492159142, 0.1395782967162713, 0.021676885366573875, 0.0, 0.0, 0.0, 1.0], "fov": 75.0, "aspect": 1.7777777777777777}, {"camera_to_world": [-0.9977144684481056, 0.011973008862095173, -0.06650177823264303, -0.008170549754767411, -0.06752737428265576, -0.14131447975419564, 0.9876589854470479, 0.15509140885324957, 0.0024275855918106104, 0.9898923501424739, 0.14180000690269745, 0.02202118806332286, 0.0, 0.0, 0.0, 1.0], "fov": 75.0, "aspect": 1.7777777777777777}, {"camera_to_world": [-0.9973373778576321, 0.013051115986550232, -0.07174833168491895, -0.008955617646118557, -0.07287986219101743, -0.14350590881422942, 0.9869622990886839, 0.1550523293719408, 0.0025846498954096436, 0.98956339994308, 0.14407497033839844, 0.022371222968231286, 0.0, 0.0, 0.0, 1.0], "fov": 75.0, "aspect": 1.7777777777777777}, {"camera_to_world": [-0.9969258153248233, 0.0141598844220936, -0.07706112127454089, -0.009759579354235975, -0.07830353393118653, -0.1457369799006195, 0.9862196962458892, 0.15498630756044543, 0.002734101831327093, 0.9892220328938289, 0.14639772650070937, 0.022726268876777603, 0.0, 0.0, 0.0, 1.0], "fov": 75.0, "aspect": 1.7777777777777777}, {"camera_to_world": [-0.9964792561417123, 0.015297834968267525, -0.08243220441395199, -0.01058083442135459, -0.08379037805362624, -0.1480020725986898, 0.9854311538875371, 0.15489444836366104, 0.002874826062617221, 0.9888687287763609, 0.1487628065859672, 0.02308560458444028, 0.0, 0.0, 0.0, 1.0], "fov": 75.0, "aspect": 1.7777777777777777}, {"camera_to_world": [-0.9959973350920135, 0.016463401724105167, -0.08785365611787951, -0.011417782389709329, -0.08933237758132766, -0.150295602807746, 0.9845968505395107, 0.15477785672648517, 0.0030057952816195874, 0.9885040152575645, 0.15116473469165337, 0.023448508886697778, 0.0, 0.0, 0.0, 1.0], "fov": 75.0, "aspect": 1.7777777777777777}, {"camera_to_world": [-0.9954798511654139, 0.017654929560093797, -0.09331757276051664, -0.012268822801535084, -0.09492151277542715, -0.15261202556291154, 0.9837171728022287, 0.15463763759381535, 0.0031260735932811604, 0.9881284699449833, 0.1535980291152068, 0.023814260579028544, 0.0, 0.0, 0.0, 1.0], "fov": 75.0, "aspect": 1.7777777777777777}, {"camera_to_world": [-0.9949267716209192, 0.018870672047483973, -0.09881607586041735, -0.013132355199066798, -0.10054976407219682, -0.15494583775304627, 0.9827927209274764, 0.1544748959105492, 0.0032348194696159085, 0.9877427221192182, 0.15605720375399534, 0.024182138456911046, 0.0, 0.0, 0.0, 1.0], "fov": 75.0, "aspect": 1.7777777777777777}, {"camera_to_world": [-0.9943382353983086, 0.020108789839661946, -0.10434131586367446, -0.014006779124539376, -0.10620911516167181, -0.15729158071795868, 0.9818243134552236, 0.15429073662158418, 0.00333128827235233, 0.9873474541449077, 0.15853676958994756, 0.02455142131582374, 0.0, 0.0, 0.0, 1.0], "fov": 75.0, "aspect": 1.7777777777777777}, {"camera_to_world": [-0.9937145558774536, 0.021367349499675004, -0.10988547589483516, -0.014890494120187756, -0.11189155617694677, -0.15964384270744625, 0.9808129909120809, 0.15408626467181794, 0.003414834341052067, 0.9869434025621526, 0.16103123624149496, 0.02492138795124509, 0.0, 0.0, 0.0, 1.0], "fov": 75.0, "aspect": 1.7777777777777777}, {"camera_to_world": [-0.9930562229860258, 0.022644322767399715, -0.1154407754440986, -0.015781899728246836, -0.11758908696214482, -0.1619972611842082, 0.9797600185740509, 0.15386258500614797, 0.0034849126442591943, 0.9865313588605389, 0.1635351135647649, 0.02529131715865355, 0.0, 0.0, 0.0, 1.0], "fov": 75.0, "aspect": 1.7777777777777777}, {"camera_to_world": [-0.9923639046568663, 0.023937586259263975, -0.12099947395860135, -0.01667939549095154, -0.12329372038620368, -0.16434652495227042, 0.97866688829726, 0.15362080256947183, 0.0035410799915522456, 0.9861121699381836, 0.16604291328539256, 0.02566048773352757, 0.0, 0.0, 0.0, 1.0], "fov": 75.0, "aspect": 1.7777777777777777}, {"camera_to_world": [-0.9916384476371045, 0.02524492159290706, -0.12655387430514206, -0.01758138095053679, -0.12899748566905136, -0.16668637609238002, 0.9775353194213766, 0.1533620223066871, 0.0035829958047153276, 0.9856867382484954, 0.16854915064189946, 0.02602817847134563, 0.0, 0.0, 0.0, 1.0], "fov": 75.0, "aspect": 1.7777777777777777}, {"camera_to_world": [-0.9908808776518916, 0.026564015928668555, -0.1320963260713925, -0.018486255649237525, -0.13469243168632453, -0.1690116116857433, 0.976367258751446, 0.15308734916269132, 0.003610422446612374, 0.9852560216375892, 0.17104834602131602, 0.026393668167586176, 0.0, 0.0, 0.0, 1.0], "fov": 75.0, "aspect": 1.7777777777777777}, {"camera_to_world": [-0.990092398926412, 0.027892462919358374, -0.1376192286725772, -0.019392419129288622, -0.1403706302186066, -0.17131708530755418, 0.9751648796248538, 0.152797888082382, 0.003623225106737085, 0.9848210328755254, 0.17353502656757636, 0.02675623561772767, 0.0, 0.0, 0.0, 1.0], "fov": 75.0, "aspect": 1.7777777777777777}, {"camera_to_world": [-0.9892743930706119, 0.02922776405937242, -0.14311503423072702, -0.02029827093292503, -0.14602417911118107, -0.17359770827197596, 0.9739305800710972, 0.1524947440106568, 0.0036213712428061484, 0.9843828388847541, 0.17600372774323325, 0.027115159617248565, 0.0, 0.0, 0.0, 1.0], "fov": 75.0, "aspect": 1.7777777777777777}, {"camera_to_world": [-0.9884284173318053, 0.030567330423902868, -0.1485762501939627, -0.02120221060238168, -0.15164520531055206, -0.1758484506105813, 0.9726669800729223, 0.15217902189241317, 0.0036049295781703655, 0.9839425596693204, 0.17844899482519494, 0.02746971896162733, 0.0, 0.0, 0.0, 1.0], "fov": 75.0, "aspect": 1.7777777777777777}, {"camera_to_world": [-0.9875562022210492, 0.031908484788732386, -0.15399544166378856, -0.02210263767989345, -0.1572258677444201, -0.17806434176674468, 0.9713769179382378, 0.1518518266725487, 0.003574068655216367, 0.9835013669485483, 0.18086538431547539, 0.027819192446342417, 0.0, 0.0, 0.0, 1.0], "fov": 75.0, "aspect": 1.7777777777777777}, {"camera_to_world": [-0.9866596485198151, 0.033248464120926746, -0.1593652333991123, -0.022997951707695273, -0.16275836001246433, -0.18024047098909002, 0.9700634457929459, 0.15151426329596096, 0.0035290549453270564, 0.9830604824990322, 0.1832474652483972, 0.028162858866872288, 0.0, 0.0, 0.0, 1.0], "fov": 75.0, "aspect": 1.7777777777777777}, {"camera_to_world": [-0.9857408236740723, 0.034584422430637904, -0.1646783114666337, -0.02388655222802209, -0.16823491285614955, -0.18237198740781968, 0.9687298242054936, 0.15116743670754745, 0.0034702505163464875, 0.982621176208849, 0.1855898203762597, 0.0284999970186954, 0.0, 0.0, 0.0, 1.0], "fov": 75.0, "aspect": 1.7777777777777777}, {"camera_to_world": [-0.9848019575834207, 0.035913433974214884, -0.1699274245083534, -0.02476683878310882, -0.17364779637683608, -0.18445409977861604, 0.9673795159544826, 0.1508124518522058, 0.0033981102588521994, 0.9821847638479432, 0.18788704721621619, 0.028829885697290218, 0.0, 0.0, 0.0, 1.0], "fov": 75.0, "aspect": 1.7777777777777777}, {"camera_to_world": [-0.9838454377933661, 0.0372324967988957, -0.17510538459824432, -0.02563721091519035, -0.178989321972738, -0.18648207587978372, 0.9660161789511112, 0.15045041367483353, 0.0033131786728701623, 0.9817526045586464, 0.19013375894194862, 0.029151803698135192, 0.0, 0.0, 0.0, 1.0], "fov": 75.0, "aspect": 1.7777777777777777}, {"camera_to_world": [-0.9828738040991326, 0.038538536619521654, -0.1802050676616121, -0.026496068166501612, -0.1842518439667442, -0.18845124154935955, 0.9646436583284833, 0.15008242712032815, 0.003216086216964467, 0.981326098070224, 0.19232458510475003, 0.029465029816708777, 0.0, 0.0, 0.0, 1.0], "fov": 75.0, "aspect": 1.7777777777777777}, {"camera_to_world": [-0.9818897425696927, 0.03982841101798057, -0.18521941343229867, -0.027341810079277534, -0.18942776089875488, -0.19035697935012474, 0.9632659777099885, 0.14970959713358728, 0.003107545221895991, 0.9809066816412654, 0.19445417216973004, 0.029768842848489446, 0.0, 0.0, 0.0, 1.0], "fov": 75.0, "aspect": 1.7777777777777777}, {"camera_to_world": [-0.9808960790008255, 0.041098913956462674, -0.19014142492472733, -0.028172836195753052, -0.19450951645806047, -0.19219472685176342, 0.9618873296689314, 0.14933302865950843, 0.0029883453712620245, 0.9804958267335846, 0.1965171838541523, 0.03006252158895566, 0.0, 0.0, 0.0, 1.0], "fov": 75.0, "aspect": 1.7777777777777777}, {"camera_to_world": [-0.9798957718060042, 0.04234678059607157, -0.19496416739971278, -0.028987546058163043, -0.19948960003326288, -0.19395997452075653, 0.9605120653914119, 0.14895382664298917, 0.002859348751700852, 0.9800950354210838, 0.19850830125629648, 0.030345344833585863, 0.0, 0.0, 0.0, 1.0], "fov": 75.0, "aspect": 1.7777777777777777}, {"camera_to_world": [-0.9788919043538586, 0.04356869241293784, -0.1996807668051771, -0.02978433920874246, -0.20436054685953217, -0.19564826321016182, 0.9591446835541136, 0.14857309602892704, 0.002721484475367561, 0.9797058365368018, 0.2004222227647826, 0.030616591377858528, 0.0, 0.0, 0.0, 1.0], "fov": 75.0, "aspect": 1.7777777777777777}, {"camera_to_world": [-0.9778876767606913, 0.04476128260464507, -0.20428440767509523, -0.0305616151897262, -0.2091149377452664, -0.1972551812429405, 0.9577898184281392, 0.14819194176221964, 0.002575742877455961, 0.9793297815610437, 0.20225366373993703, 0.030875540017252096, 0.0, 0.0, 0.0, 1.0], "fov": 75.0, "aspect": 1.7777777777777777}, {"camera_to_world": [-0.9768863971461902, 0.045921141780613184, -0.20876833047256113, -0.031317773543349206, -0.2137453983629125, -0.1987763610842469, 0.9564522272193132, 0.14781146878776447, 0.0024231692915521186, 0.978968440253142, 0.2039973559605972, 0.031121469547245047, 0.0, 0.0, 0.0, 1.0], "fov": 75.0, "aspect": 1.7777777777777777}, {"camera_to_world": [-0.975891472359962, 0.04704482393096804, -0.21312582836533583, -0.03205121381184638, -0.2182445980913132, -0.2002074755997898, 0.9551367766544859, 0.1474327820504591, 0.002264857405564702, 0.9786233960289649, 0.20564804683164029, 0.03135365876331583, 0.0, 0.0, 0.0, 1.0], "fov": 75.0, "aspect": 1.7777777777777777}, {"camera_to_world": [-0.9749063981858972, 0.04812885266946863, -0.21735024342503353, -0.03276033553745263, -0.22260524839990842, -0.201544233899274