{
    "fl_x": 1403.8608381565746,
    "fl_y": 1403.8608381565746,
    "cx": 368.427003433559,
    "cy": 546.6186833609626,
    "w": 760,
    "h": 1135,
    "camera_model": "RADIAL",
    "k1": 3.719036133730899e-08,
    "k2": 2.4326924090186325e-09,
    "p1": 0.0,
    "p2": 0.0,
    "frames": [
        {
            "file_path": "images/DSC_0001.JPG",
            "transform_matrix": [
                [
                    0.11749764163257592,
                    -0.7720728244356617,
                    0.6245781440129992,
                    -8.486430279778366
                ],
                [
                    -0.9923661131293288,
                    -0.11501333686439752,
                    0.04451325483387075,
                    -0.4517668064742356
                ],
                [
                    0.0374673420910962,
                    -0.6250403875840798,
                    -0.7796927036758601,
                    10.699518106371952
                ],
                [
                    0.0,
                    0.0,
                    0.0,
                    1.0
                ]
            ]
        },
        {
            "file_path": "images/DSC_0002.JPG",
            "transform_matrix": [
                [
                    0.09230320256779856,
                    -0.7728256418506946,
                    0.627869927687088,
                    -8.51189909015723
                ],
                [
                    -0.9912813911372237,
                    -0.13086484486097505,
                    -0.01534913562917084,
                    0.3813677795309861
                ],
                [
                    0.09402830627410991,
                    -0.620979000995665,
                    -0.7781669216444804,
                    10.583087843129924
                ],
                [
                    0.0,
                    0.0,
                    0.0,
                    1.0
                ]
            ]
        },
        {
            "file_path": "images/DSC_0003.JPG",
            "transform_matrix": [
                [
                    0.05026872739551436,
                    -0.7922794894371616,
                    0.6080840942363356,
                    -8.440815564111452
                ],
                [
                    -0.9842587443578998,
                    -0.14259021307355013,
                    -0.10441625970435928,
                    1.259522728333948
                ],
                [
                    0.16943370149130432,
                    -0.5932632145623293,
                    -0.786975844004201,
                    10.266996262593121
                ],
                [
                    0.0,
                    0.0,
                    0.0,
                    1.0
                ]
            ]
        },
        {
            "file_path": "images/DSC_0004.JPG",
            "transform_matrix": [
                [
                    0.015217333244862852,
                    -0.7866657249435354,
                    0.6171915990743682,
                    -8.421794267016963
                ],
                [
                    -0.9720221200793211,
                    -0.1563394066463033,
                    -0.17530256132179692,
                    2.196490766848913
                ],
                [
                    0.23439588487304022,
                    -0.5972562491331024,
                    -0.7670355546035921,
                    10.04713002068421
                ],
                [
                    0.0,
                    0.0,
                    0.0,
                    1.0
                ]
            ]
        },
        {
            "file_path": "images/DSC_0005.JPG",
            "transform_matrix": [
                [
                    -0.014809593889870243,
                    -0.7672777213320044,
                    0.6411439575293396,
                    -8.369670566493674
                ],
                [
                    -0.9557022745548688,
                    -0.1776514073092912,
                    -0.2346766709574651,
                    3.1302933075838326
                ],
                [
                    0.29396230768496007,
                    -0.6162182047202069,
                    -0.7306581182960588,
                    9.672598115676482
                ],
                [
                    0.0,
                    0.0,
                    0.0,
                    1.0
                ]
            ]
        },
        {
            "file_path": "images/DSC_0006.JPG",
            "transform_matrix": [
                [
                    -0.06078984217921968,
                    -0.7679833099417647,
                    0.637578411443422,
                    -8.301014117010011
                ],
                [
                    -0.9355211732572003,
                    -0.17886357625129268,
                    -0.30464398152280947,
                    4.04384554082764
                ],
                [
                    0.34800104809511334,
                    -0.6149873630746326,
                    -0.7075915585867412,
                    9.269675175012775
                ],
                [
                    0.0,
                    0.0,
                    0.0,
                    1.0
                ]
            ]
        },
        {
            "file_path": "images/DSC_0007.JPG",
            "transform_matrix": [
                [
                    -0.09866915100900808,
                    -0.7662840168826095,
                    0.6348804644257159,
                    -8.226167193492707
                ],
                [
                    -0.9150627748248148,
                    -0.18084764020704602,
                    -0.36049167696557405,
                    4.707082215883676
                ],
                [
                    0.39105564408287286,
                    -0.6165248871714701,
                    -0.6833538956712937,
                    8.896930699747271
                ],
                [
                    0.0,
                    0.0,
                    0.0,
                    1.0
                ]
            ]
        },
        {
            "file_path": "images/DSC_0008.JPG",
            "transform_matrix": [
                [
                    -0.13343763786352825,
                    -0.7580971002856417,
                    0.6383440947795345,
                    -8.06804878756195
                ],
                [
                    -0.8902106242273787,
                    -0.19139764359235034,
                    -0.41339083993237663,
                    5.500016392195809
                ],
                [
                    0.4355679525792757,
                    -0.6234225922805468,
                    -0.6493264434166379,
                    8.382192313956928
                ],
                [
                    0.0,
                    0.0,
                    0.0,
                    1.0
                ]
            ]
        },
        {
            "file_path": "images/DSC_0009.JPG",
            "transform_matrix": [
                [
                    -0.17514749520978357,
                    -0.7577966211662811,
                    0.6285440604052404,
                    -7.94352160751946
                ],
                [
                    -0.8551904032912331,
                    -0.19922456906024832,
                    -0.47849654669739916,
                    6.080093126597663
                ],
                [
                    0.48782448589663563,
                    -0.6213323201248475,
                    -0.6131667138127743,
                    8.039863966792346
                ],
                [
                    0.0,
                    0.0,
                    0.0,
                    1.0
                ]
            ]
        },
        {
            "file_path": "images/DSC_0010.JPG",
            "transform_matrix": [
                [
                    -0.17973103259102374,
                    -0.763820996085931,
                    0.619898573850642,
                    -7.833853948010763
                ],
                [
                    -0.8272743190391092,
                    -0.22360804421535674,
                    -0.5153800962596059,
                    6.662307371651398
                ],
                [
                    0.5322724461985064,
                    -0.6054559674332053,
                    -0.5917001897222769,
                    7.709345524632153
                ],
                [
                    0.0,
                    0.0,
                    0.0,
                    1.0
                ]
            ]
        },
        {
            "file_path": "images/DSC_0011.JPG",
            "transform_matrix": [
                [
                    -0.21959378204231994,
                    -0.7570032961184651,
                    0.6154060290199692,
                    -7.714488217190707
                ],
                [
                    -0.8148540836935979,
                    -0.20454976734608454,
                    -0.5423764513384842,
                    7.108842905457899
                ],
                [
                    0.5364619214596824,
                    -0.6205686121166939,
                    -0.571929370184241,
                    7.39451031846438
                ],
                [
                    0.0,
                    0.0,
                    0.0,
                    1.0
                ]
            ]
        },
        {
            "file_path": "images/DSC_0012.JPG",
            "transform_matrix": [
                [
                    -0.2268304506857335,
                    -0.7625304175024085,
                    0.6058839072176347,
                    -7.602573181992701
                ],
                [
                    -0.7778808811863686,
                    -0.23249141527907735,
                    -0.5838228125949243,
                    7.535869807082415
                ],
                [
                    0.5860454601192842,
                    -0.603734299344614,
                    -0.540421700589865,
                    7.0383482903529915
                ],
                [
                    0.0,
                    0.0,
                    0.0,
                    1.0
                ]
            ]
        }
    ]
}